5597.000000
3803.000000
2469.000000
793.000000
2242.000000
663.000000
5033.000000
1381.000000
3814.000000
5499.000000
5575.000000
8801.000000
1364.000000
3831.000000
9171.000000
183.000000
8159.000000
4021.000000
9014.000000
6207.000000
303.000000
5029.000000
1290.000000
2719.000000
1948.000000
5525.000000
4720.000000
238.000000
417.000000
682.000000
8078.000000
1451.000000
2116.000000
3873.000000
9868.000000
968.000000
6050.000000
6.000000
1740.000000
9369.000000
1325.000000
7727.000000
8772.000000
2848.000000
6771.000000
9571.000000
8845.000000
251.000000
7341.000000
8762.000000
6124.000000
535.000000
1365.000000
5166.000000
3474.000000
7945.000000
8452.000000
8658.000000
5376.000000
5847.000000
1027.000000
1148.000000
3200.000000
4811.000000
9331.000000
1033.000000
9111.000000
6250.000000
8778.000000
8794.000000
7024.000000
4731.000000
7408.000000
1096.000000
4560.000000
4.000000
1907.000000
6183.000000
175.000000
8689.000000
1395.000000
1304.000000
4280.000000
1140.000000
231.000000
8575.000000
4078.000000
1487.000000
5852.000000
905.000000
1570.000000
8968.000000
2256.000000
4773.000000
6575.000000
5528.000000
5134.000000
2558.000000
1041.000000
6776.000000
8211.000000
1865.000000
6255.000000
1247.000000
7208.000000
2832.000000
2228.000000
594.000000
2287.000000
2556.000000
7462.000000
8028.000000
3676.000000
1480.000000
6647.000000
5666.000000
8337.000000
848.000000
1752.000000
7297.000000
3903.000000
5666.000000
1294.000000
1049.000000
7945.000000
6516.000000
3864.000000
2688.000000
6635.000000
840.000000
9437.000000
8758.000000
4963.000000
5567.000000
4125.000000
6861.000000
5087.000000
2509.000000
1237.000000
7193.000000
6257.000000
9077.000000
6024.000000
7731.000000
5049.000000
9773.000000
3790.000000
596.000000
5478.000000
6317.000000
8935.000000
4546.000000
4339.000000
8695.000000
9948.000000
9618.000000
6472.000000
3900.000000
47.000000
601.000000
4630.000000
6157.000000
1657.000000
3421.000000
2485.000000
4977.000000
8054.000000
3678.000000
7387.000000
4825.000000
2923.000000
6746.000000
525.000000
6575.000000
4973.000000
1424.000000
1768.000000
723.000000
6453.000000
198.000000
1520.000000
3576.000000
3556.000000
9335.000000
2579.000000
6395.000000
4805.000000
9980.000000
1817.000000
4888.000000
8366.000000
7739.000000
4658.000000
8375.000000
6294.000000
8072.000000
7058.000000
6680.000000
9251.000000
3500.000000
4134.000000
2360.000000
3265.000000
1213.000000
1867.000000
8445.000000
1678.000000
2426.000000
7599.000000
2288.000000
4484.000000
4812.000000
1927.000000
4430.000000
103.000000
6397.000000
8788.000000
1995.000000
547.000000
751.000000
6320.000000
4476.000000
316.000000
9502.000000
414.000000
8009.000000
2753.000000
557.000000
559.000000
3228.000000
5478.000000
5054.000000
7336.000000
4521.000000
8413.000000
5870.000000
9893.000000
2990.000000
4532.000000
983.000000
9991.000000
2014.000000
7910.000000
2559.000000
2227.000000
7713.000000
1320.000000
5691.000000
6815.000000
2138.000000
4793.000000
9391.000000
9623.000000
8103.000000
3953.000000
